   M   1 0.0000 0.0000 0.0000 0.0000 0.5370 0.4630 0.0000 0.0000
   E   2 0.0000 0.0000 0.0000 0.0000 1.0000 0.0000 0.0000 0.0000
   A   3 0.0000 0.0000 0.0000 0.0000 1.0000 0.0000 0.0000 0.0000
   I   4 0.0000 0.0000 0.0000 0.0000 1.0000 0.0000 0.0000 0.0000
   A   5 0.0000 0.0000 0.0000 0.0000 1.0000 0.0000 0.0000 0.0000
   K   6 0.0000 0.0000 0.0000 0.0000 1.0000 0.0000 0.0000 0.0000
   H   7 0.0000 0.0000 0.0000 0.0000 1.0000 0.0000 0.0000 0.0000
   D   8 0.0000 0.0000 0.0000 0.0000 0.9630 0.0000 0.0370 0.0000
   F   9 0.0000 0.0000 0.0000 0.0000 1.0000 0.0000 0.0000 0.0000
   S  10 0.0000 0.0000 0.0000 0.0000 1.0000 0.0000 0.0000 0.0000
   A  11 0.0000 0.0000 0.0000 0.0000 1.0000 0.0000 0.0000 0.0000
   T  12 0.0000 0.0000 0.0000 0.0000 1.0000 0.0000 0.0000 0.0000
   A  13 0.0000 0.0000 0.0000 0.0000 1.0000 0.0000 0.0000 0.0000
   D  14 0.0000 0.0000 0.0000 0.0000 1.0000 0.0000 0.0000 0.0000
   D  15 0.0000 0.0000 0.0000 0.0000 1.0000 0.0000 0.0000 0.0000
   E  16 0.0000 0.0000 0.0000 0.0000 1.0000 0.0000 0.0000 0.0000
   L  17 0.0000 0.0000 0.0000 0.0000 0.0000 0.9630 0.0370 0.0000
   S  18 0.0000 0.0000 0.0000 0.0000 1.0000 0.0000 0.0000 0.0000
   F  19 0.0000 0.0000 0.0000 0.0000 0.3148 0.6852 0.0000 0.0000
   R  20 0.0000 0.0000 0.0000 0.0000 0.2963 0.7037 0.0000 0.0000
   K  21 0.0000 0.0000 0.0000 0.0000 0.0000 1.0000 0.0000 0.0000
   T  22 0.0000 0.0000 0.0000 0.0000 0.9815 0.0000 0.0185 0.0000
   Q  23 0.0000 0.0000 0.0000 0.0000 1.0000 0.0000 0.0000 0.0000
   I  24 0.0000 0.0000 0.0000 0.0000 0.9815 0.0000 0.0185 0.0000
   L  25 0.0000 0.0000 0.0000 0.0000 1.0000 0.0000 0.0000 0.0000
   K  26 0.0000 0.0000 0.0000 0.0000 1.0000 0.0000 0.0000 0.0000
   I  27 0.0000 0.0000 0.0000 0.0000 1.0000 0.0000 0.0000 0.0000
   L  28 0.0000 0.0000 0.0000 0.0000 1.0000 0.0000 0.0000 0.0000
   N  29 0.0000 0.0000 0.0000 0.0000 1.0000 0.0000 0.0000 0.0000
   M  30 0.0000 0.0000 0.0000 0.0000 0.9074 0.0000 0.0926 0.0000
   E  31 0.0000 0.0000 0.0000 0.0000 1.0000 0.0000 0.0000 0.0000
   D  32 0.0000 0.0000 0.0000 0.0000 1.0000 0.0000 0.0000 0.0000
   D  33 0.0000 0.0000 0.0000 0.0000 1.0000 0.0000 0.0000 0.0000
   S  34 0.0000 0.0000 0.0000 0.0000 0.9815 0.0000 0.0185 0.0000
   N  35 0.0000 0.0000 0.0000 0.0000 0.7407 0.0000 0.2593 0.0000
   W  36 0.0000 0.0000 0.0000 0.0000 0.9815 0.0000 0.0185 0.0000
   Y  37 0.0000 0.0000 0.0000 0.0000 0.8148 0.0000 0.1852 0.0000
   R  38 0.0000 0.0000 0.0000 0.0000 0.9444 0.0000 0.0556 0.0000
   A  39 0.0000 0.0000 0.0000 0.0000 1.0000 0.0000 0.0000 0.0000
   E  40 0.0000 0.0000 0.0000 0.0000 1.0000 0.0000 0.0000 0.0000
   L  41 0.0000 0.0000 0.0000 0.0000 1.0000 0.0000 0.0000 0.0000
   D  42 0.0000 0.0000 0.0000 0.0000 1.0000 0.0000 0.0000 0.0000
   G  43 0.0000 0.0000 0.0000 0.0000 1.0000 0.0000 0.0000 0.0000
   K  44 0.0000 0.0000 0.0000 0.0000 1.0000 0.0000 0.0000 0.0000
   E  45 0.0000 0.0000 0.0000 0.0000 1.0000 0.0000 0.0000 0.0000
   G  46 0.0000 0.0000 0.0000 0.0000 1.0000 0.0000 0.0000 0.0000
   L  47 0.0000 0.0000 0.0000 0.0000 1.0000 0.0000 0.0000 0.0000
   I  48 0.0000 0.0000 0.0000 0.0000 1.0000 0.0000 0.0000 0.0000
   P  49 0.0000 0.0000 0.0000 0.0000 1.0000 0.0000 0.0000 0.0000
   S  50 0.0000 0.0000 0.0000 0.0000 0.2407 0.3889 0.3704 0.0000
   N  51 0.0000 0.0000 0.0000 0.0000 0.9815 0.0000 0.0185 0.0000
   Y  52 0.0000 0.0000 0.0000 0.0000 1.0000 0.0000 0.0000 0.0000
   I  53 0.0000 0.0000 0.0000 0.0000 1.0000 0.0000 0.0000 0.0000
   E  54 0.0000 0.0000 0.0000 0.0000 1.0000 0.0000 0.0000 0.0000
   M  55 0.0000 0.0000 0.0000 0.0000 1.0000 0.0000 0.0000 0.0000
   K  56 0.0000 0.0000 0.0000 0.0000 1.0000 0.0000 0.0000 0.0000
   N  57 0.0000 0.0185 0.0000 0.0000 0.9815 0.0000 0.0000 0.0000
   H  58 0.0000 0.0185 0.0000 0.0000 0.9815 0.0000 0.0000 0.0000
   D  59 0.0000 0.0185 0.0000 0.0000 0.9815 0.0000 0.0000 0.0000
